ModelWeb Browser Results

nrlmsise model listing
Required input parameters
Year= 2016, Month= 10, Day= 13, Hour=13.00,
Time_type = Universal
Coordinate_type = Geographic
Latitude=   65.00, Longitude=  212.00, Height=   100.00
Prof. parameters: Start=    40.00 Stop=  1000.00 Step=     1.00

Optional input parameters:

Sunspot number(Rz12) =not specified
Ionospheric index(IG12) =not specified
Upper limit for Electron content = not specified
F peak model =  
Ne Topside =  
foF2 Storm model =  
Bottomside Thickness =  
F1 occurrence probability =  
D-Region Ne =  
Topside Te =  
Ion Composition =  

Selected output parameters:
1  Height, km
2  Mass_density, g/cm-3

1         2         
   40.0 3.765E-06
   41.0 3.220E-06
   42.0 2.761E-06
   43.0 2.373E-06
   44.0 2.046E-06
   45.0 1.770E-06
   46.0 1.536E-06
   47.0 1.337E-06
   48.0 1.167E-06
   49.0 1.021E-06
   50.0 8.942E-07
   51.0 7.845E-07
   52.0 6.888E-07
   53.0 6.051E-07
   54.0 5.317E-07
   55.0 4.672E-07
   56.0 4.104E-07
   57.0 3.604E-07
   58.0 3.163E-07
   59.0 2.775E-07
   60.0 2.433E-07
   61.0 2.131E-07
   62.0 1.866E-07
   63.0 1.633E-07
   64.0 1.428E-07
   65.0 1.247E-07
   66.0 1.089E-07
   67.0 9.494E-08
   68.0 8.272E-08
   69.0 7.200E-08
   70.0 6.261E-08
   71.0 5.438E-08
   72.0 4.719E-08
   73.0 4.100E-08
   74.0 3.544E-08
   75.0 3.057E-08
   76.0 2.632E-08
   77.0 2.264E-08
   78.0 1.946E-08
   79.0 1.672E-08
   80.0 1.436E-08
   81.0 1.233E-08
   82.0 1.060E-08
   83.0 9.109E-09
   84.0 7.834E-09
   85.0 6.742E-09
   86.0 5.806E-09
   87.0 5.003E-09
   88.0 4.313E-09
   89.0 3.719E-09
   90.0 3.207E-09
   91.0 2.763E-09
   92.0 2.377E-09
   93.0 2.037E-09
   94.0 1.738E-09
   95.0 1.475E-09
   96.0 1.244E-09
   97.0 1.043E-09
   98.0 8.688E-10
   99.0 7.191E-10
  100.0 5.915E-10
  101.0 4.838E-10
  102.0 3.942E-10
  103.0 3.206E-10
  104.0 2.607E-10
  105.0 2.122E-10
  106.0 1.732E-10
  107.0 1.419E-10
  108.0 1.169E-10
  109.0 9.683E-11
  110.0 8.084E-11
  111.0 6.808E-11
  112.0 5.782E-11
  113.0 4.951E-11
  114.0 4.272E-11
  115.0 3.712E-11
  116.0 3.246E-11
  117.0 2.857E-11
  118.0 2.528E-11
  119.0 2.248E-11
  120.0 2.008E-11
  121.0 1.801E-11
  122.0 1.620E-11
  123.0 1.462E-11
  124.0 1.322E-11
  125.0 1.199E-11
  126.0 1.091E-11
  127.0 9.958E-12
  128.0 9.113E-12
  129.0 8.360E-12
  130.0 7.688E-12
  131.0 7.086E-12
  132.0 6.545E-12
  133.0 6.058E-12
  134.0 5.617E-12
  135.0 5.218E-12
  136.0 4.855E-12
  137.0 4.525E-12
  138.0 4.224E-12
  139.0 3.948E-12
  140.0 3.696E-12
  141.0 3.464E-12
  142.0 3.251E-12
  143.0 3.054E-12
  144.0 2.873E-12
  145.0 2.705E-12
  146.0 2.550E-12
  147.0 2.406E-12
  148.0 2.273E-12
  149.0 2.149E-12
  150.0 2.033E-12
  151.0 1.925E-12
  152.0 1.825E-12
  153.0 1.731E-12
  154.0 1.643E-12
  155.0 1.560E-12
  156.0 1.483E-12
  157.0 1.411E-12
  158.0 1.343E-12
  159.0 1.279E-12
  160.0 1.218E-12
  161.0 1.161E-12
  162.0 1.108E-12
  163.0 1.057E-12
  164.0 1.010E-12
  165.0 9.648E-13
  166.0 9.223E-13
  167.0 8.820E-13
  168.0 8.439E-13
  169.0 8.078E-13
  170.0 7.736E-13
  171.0 7.411E-13
  172.0 7.103E-13
  173.0 6.810E-13
  174.0 6.532E-13
  175.0 6.267E-13
  176.0 6.016E-13
  177.0 5.776E-13
  178.0 5.548E-13
  179.0 5.330E-13
  180.0 5.123E-13
  181.0 4.925E-13
  182.0 4.737E-13
  183.0 4.556E-13
  184.0 4.384E-13
  185.0 4.220E-13
  186.0 4.063E-13
  187.0 3.913E-13
  188.0 3.769E-13
  189.0 3.632E-13
  190.0 3.500E-13
  191.0 3.374E-13
  192.0 3.254E-13
  193.0 3.138E-13
  194.0 3.027E-13
  195.0 2.921E-13
  196.0 2.819E-13
  197.0 2.721E-13
  198.0 2.627E-13
  199.0 2.537E-13
  200.0 2.451E-13
  201.0 2.368E-13
  202.0 2.288E-13
  203.0 2.211E-13
  204.0 2.137E-13
  205.0 2.066E-13
  206.0 1.998E-13
  207.0 1.933E-13
  208.0 1.869E-13
  209.0 1.809E-13
  210.0 1.750E-13
  211.0 1.694E-13
  212.0 1.640E-13
  213.0 1.587E-13
  214.0 1.537E-13
  215.0 1.488E-13
  216.0 1.442E-13
  217.0 1.396E-13
  218.0 1.353E-13
  219.0 1.311E-13
  220.0 1.270E-13
  221.0 1.231E-13
  222.0 1.194E-13
  223.0 1.157E-13
  224.0 1.122E-13
  225.0 1.088E-13
  226.0 1.055E-13
  227.0 1.024E-13
  228.0 9.933E-14
  229.0 9.638E-14
  230.0 9.352E-14
  231.0 9.076E-14
  232.0 8.810E-14
  233.0 8.552E-14
  234.0 8.302E-14
  235.0 8.061E-14
  236.0 7.828E-14
  237.0 7.602E-14
  238.0 7.384E-14
  239.0 7.173E-14
  240.0 6.968E-14
  241.0 6.771E-14
  242.0 6.579E-14
  243.0 6.394E-14
  244.0 6.214E-14
  245.0 6.040E-14
  246.0 5.872E-14
  247.0 5.708E-14
  248.0 5.550E-14
  249.0 5.397E-14
  250.0 5.249E-14
  251.0 5.105E-14
  252.0 4.966E-14
  253.0 4.830E-14
  254.0 4.699E-14
  255.0 4.572E-14
  256.0 4.449E-14
  257.0 4.330E-14
  258.0 4.214E-14
  259.0 4.101E-14
  260.0 3.992E-14
  261.0 3.886E-14
  262.0 3.784E-14
  263.0 3.684E-14
  264.0 3.587E-14
  265.0 3.493E-14
  266.0 3.402E-14
  267.0 3.314E-14
  268.0 3.228E-14
  269.0 3.145E-14
  270.0 3.064E-14
  271.0 2.985E-14
  272.0 2.908E-14
  273.0 2.834E-14
  274.0 2.762E-14
  275.0 2.692E-14
  276.0 2.624E-14
  277.0 2.558E-14
  278.0 2.493E-14
  279.0 2.431E-14
  280.0 2.370E-14
  281.0 2.311E-14
  282.0 2.254E-14
  283.0 2.198E-14
  284.0 2.144E-14
  285.0 2.091E-14
  286.0 2.040E-14
  287.0 1.990E-14
  288.0 1.941E-14
  289.0 1.894E-14
  290.0 1.848E-14
  291.0 1.803E-14
  292.0 1.760E-14
  293.0 1.717E-14
  294.0 1.676E-14
  295.0 1.636E-14
  296.0 1.597E-14
  297.0 1.559E-14
  298.0 1.522E-14
  299.0 1.486E-14
  300.0 1.451E-14
  301.0 1.417E-14
  302.0 1.383E-14
  303.0 1.351E-14
  304.0 1.319E-14
  305.0 1.289E-14
  306.0 1.259E-14
  307.0 1.230E-14
  308.0 1.201E-14
  309.0 1.174E-14
  310.0 1.147E-14
  311.0 1.120E-14
  312.0 1.095E-14
  313.0 1.070E-14
  314.0 1.046E-14
  315.0 1.022E-14
  316.0 9.987E-15
  317.0 9.762E-15
  318.0 9.542E-15
  319.0 9.328E-15
  320.0 9.119E-15
  321.0 8.915E-15
  322.0 8.717E-15
  323.0 8.523E-15
  324.0 8.334E-15
  325.0 8.150E-15
  326.0 7.970E-15
  327.0 7.795E-15
  328.0 7.624E-15
  329.0 7.457E-15
  330.0 7.294E-15
  331.0 7.136E-15
  332.0 6.981E-15
  333.0 6.829E-15
  334.0 6.682E-15
  335.0 6.537E-15
  336.0 6.397E-15
  337.0 6.259E-15
  338.0 6.125E-15
  339.0 5.994E-15
  340.0 5.867E-15
  341.0 5.742E-15
  342.0 5.620E-15
  343.0 5.501E-15
  344.0 5.385E-15
  345.0 5.271E-15
  346.0 5.160E-15
  347.0 5.052E-15
  348.0 4.946E-15
  349.0 4.843E-15
  350.0 4.742E-15
  351.0 4.644E-15
  352.0 4.547E-15
  353.0 4.453E-15
  354.0 4.361E-15
  355.0 4.271E-15
  356.0 4.183E-15
  357.0 4.098E-15
  358.0 4.014E-15
  359.0 3.932E-15
  360.0 3.851E-15
  361.0 3.773E-15
  362.0 3.696E-15
  363.0 3.622E-15
  364.0 3.548E-15
  365.0 3.477E-15
  366.0 3.407E-15
  367.0 3.338E-15
  368.0 3.271E-15
  369.0 3.206E-15
  370.0 3.142E-15
  371.0 3.079E-15
  372.0 3.018E-15
  373.0 2.958E-15
  374.0 2.899E-15
  375.0 2.842E-15
  376.0 2.786E-15
  377.0 2.731E-15
  378.0 2.677E-15
  379.0 2.625E-15
  380.0 2.573E-15
  381.0 2.523E-15
  382.0 2.474E-15
  383.0 2.426E-15
  384.0 2.379E-15
  385.0 2.332E-15
  386.0 2.287E-15
  387.0 2.243E-15
  388.0 2.200E-15
  389.0 2.157E-15
  390.0 2.116E-15
  391.0 2.075E-15
  392.0 2.036E-15
  393.0 1.997E-15
  394.0 1.958E-15
  395.0 1.921E-15
  396.0 1.885E-15
  397.0 1.849E-15
  398.0 1.814E-15
  399.0 1.779E-15
  400.0 1.746E-15
  401.0 1.713E-15
  402.0 1.681E-15
  403.0 1.649E-15
  404.0 1.618E-15
  405.0 1.588E-15
  406.0 1.558E-15
  407.0 1.529E-15
  408.0 1.501E-15
  409.0 1.473E-15
  410.0 1.445E-15
  411.0 1.418E-15
  412.0 1.392E-15
  413.0 1.366E-15
  414.0 1.341E-15
  415.0 1.317E-15
  416.0 1.292E-15
  417.0 1.269E-15
  418.0 1.245E-15
  419.0 1.223E-15
  420.0 1.200E-15
  421.0 1.178E-15
  422.0 1.157E-15
  423.0 1.136E-15
  424.0 1.115E-15
  425.0 1.095E-15
  426.0 1.075E-15
  427.0 1.056E-15
  428.0 1.037E-15
  429.0 1.018E-15
  430.0 9.995E-16
  431.0 9.815E-16
  432.0 9.639E-16
  433.0 9.466E-16
  434.0 9.297E-16
  435.0 9.130E-16
  436.0 8.967E-16
  437.0 8.807E-16
  438.0 8.651E-16
  439.0 8.497E-16
  440.0 8.346E-16
  441.0 8.198E-16
  442.0 8.053E-16
  443.0 7.911E-16
  444.0 7.771E-16
  445.0 7.634E-16
  446.0 7.500E-16
  447.0 7.368E-16
  448.0 7.238E-16
  449.0 7.111E-16
  450.0 6.987E-16
  451.0 6.865E-16
  452.0 6.745E-16
  453.0 6.627E-16
  454.0 6.512E-16
  455.0 6.399E-16
  456.0 6.287E-16
  457.0 6.178E-16
  458.0 6.071E-16
  459.0 5.966E-16
  460.0 5.863E-16
  461.0 5.762E-16
  462.0 5.663E-16
  463.0 5.565E-16
  464.0 5.470E-16
  465.0 5.376E-16
  466.0 5.284E-16
  467.0 5.193E-16
  468.0 5.104E-16
  469.0 5.017E-16
  470.0 4.932E-16
  471.0 4.848E-16
  472.0 4.765E-16
  473.0 4.684E-16
  474.0 4.605E-16
  475.0 4.527E-16
  476.0 4.450E-16
  477.0 4.375E-16
  478.0 4.301E-16
  479.0 4.228E-16
  480.0 4.157E-16
  481.0 4.087E-16
  482.0 4.019E-16
  483.0 3.951E-16
  484.0 3.885E-16
  485.0 3.820E-16
  486.0 3.756E-16
  487.0 3.693E-16
  488.0 3.632E-16
  489.0 3.571E-16
  490.0 3.512E-16
  491.0 3.454E-16
  492.0 3.396E-16
  493.0 3.340E-16
  494.0 3.285E-16
  495.0 3.230E-16
  496.0 3.177E-16
  497.0 3.125E-16
  498.0 3.073E-16
  499.0 3.023E-16
  500.0 2.973E-16
  501.0 2.924E-16
  502.0 2.876E-16
  503.0 2.829E-16
  504.0 2.783E-16
  505.0 2.737E-16
  506.0 2.693E-16
  507.0 2.649E-16
  508.0 2.606E-16
  509.0 2.564E-16
  510.0 2.522E-16
  511.0 2.481E-16
  512.0 2.441E-16
  513.0 2.401E-16
  514.0 2.363E-16
  515.0 2.325E-16
  516.0 2.287E-16
  517.0 2.250E-16
  518.0 2.214E-16
  519.0 2.179E-16
  520.0 2.144E-16
  521.0 2.109E-16
  522.0 2.076E-16
  523.0 2.043E-16
  524.0 2.010E-16
  525.0 1.978E-16
  526.0 1.947E-16
  527.0 1.916E-16
  528.0 1.885E-16
  529.0 1.855E-16
  530.0 1.826E-16
  531.0 1.797E-16
  532.0 1.769E-16
  533.0 1.741E-16
  534.0 1.713E-16
  535.0 1.687E-16
  536.0 1.660E-16
  537.0 1.634E-16
  538.0 1.608E-16
  539.0 1.583E-16
  540.0 1.559E-16
  541.0 1.534E-16
  542.0 1.510E-16
  543.0 1.487E-16
  544.0 1.464E-16
  545.0 1.441E-16
  546.0 1.419E-16
  547.0 1.397E-16
  548.0 1.375E-16
  549.0 1.354E-16
  550.0 1.333E-16
  551.0 1.313E-16
  552.0 1.292E-16
  553.0 1.273E-16
  554.0 1.253E-16
  555.0 1.234E-16
  556.0 1.215E-16
  557.0 1.197E-16
  558.0 1.178E-16
  559.0 1.160E-16
  560.0 1.143E-16
  561.0 1.125E-16
  562.0 1.108E-16
  563.0 1.092E-16
  564.0 1.075E-16
  565.0 1.059E-16
  566.0 1.043E-16
  567.0 1.027E-16
  568.0 1.012E-16
  569.0 9.967E-17
  570.0 9.818E-17
  571.0 9.672E-17
  572.0 9.527E-17
  573.0 9.385E-17
  574.0 9.246E-17
  575.0 9.108E-17
  576.0 8.973E-17
  577.0 8.840E-17
  578.0 8.710E-17
  579.0 8.581E-17
  580.0 8.455E-17
  581.0 8.330E-17
  582.0 8.208E-17
  583.0 8.088E-17
  584.0 7.969E-17
  585.0 7.853E-17
  586.0 7.738E-17
  587.0 7.626E-17
  588.0 7.515E-17
  589.0 7.406E-17
  590.0 7.298E-17
  591.0 7.193E-17
  592.0 7.089E-17
  593.0 6.987E-17
  594.0 6.886E-17
  595.0 6.787E-17
  596.0 6.690E-17
  597.0 6.594E-17
  598.0 6.500E-17
  599.0 6.407E-17
  600.0 6.316E-17
  601.0 6.226E-17
  602.0 6.138E-17
  603.0 6.051E-17
  604.0 5.965E-17
  605.0 5.881E-17
  606.0 5.798E-17
  607.0 5.717E-17
  608.0 5.637E-17
  609.0 5.558E-17
  610.0 5.480E-17
  611.0 5.404E-17
  612.0 5.329E-17
  613.0 5.255E-17
  614.0 5.182E-17
  615.0 5.110E-17
  616.0 5.039E-17
  617.0 4.970E-17
  618.0 4.902E-17
  619.0 4.834E-17
  620.0 4.768E-17
  621.0 4.703E-17
  622.0 4.639E-17
  623.0 4.576E-17
  624.0 4.513E-17
  625.0 4.452E-17
  626.0 4.392E-17
  627.0 4.333E-17
  628.0 4.274E-17
  629.0 4.217E-17
  630.0 4.160E-17
  631.0 4.105E-17
  632.0 4.050E-17
  633.0 3.996E-17
  634.0 3.943E-17
  635.0 3.891E-17
  636.0 3.839E-17
  637.0 3.788E-17
  638.0 3.739E-17
  639.0 3.689E-17
  640.0 3.641E-17
  641.0 3.594E-17
  642.0 3.547E-17
  643.0 3.500E-17
  644.0 3.455E-17
  645.0 3.410E-17
  646.0 3.366E-17
  647.0 3.323E-17
  648.0 3.280E-17
  649.0 3.238E-17
  650.0 3.197E-17
  651.0 3.156E-17
  652.0 3.116E-17
  653.0 3.076E-17
  654.0 3.037E-17
  655.0 2.999E-17
  656.0 2.961E-17
  657.0 2.924E-17
  658.0 2.887E-17
  659.0 2.851E-17
  660.0 2.815E-17
  661.0 2.780E-17
  662.0 2.746E-17
  663.0 2.712E-17
  664.0 2.679E-17
  665.0 2.646E-17
  666.0 2.613E-17
  667.0 2.581E-17
  668.0 2.550E-17
  669.0 2.519E-17
  670.0 2.488E-17
  671.0 2.458E-17
  672.0 2.428E-17
  673.0 2.399E-17
  674.0 2.370E-17
  675.0 2.342E-17
  676.0 2.314E-17
  677.0 2.287E-17
  678.0 2.259E-17
  679.0 2.233E-17
  680.0 2.206E-17
  681.0 2.180E-17
  682.0 2.155E-17
  683.0 2.130E-17
  684.0 2.105E-17
  685.0 2.080E-17
  686.0 2.056E-17
  687.0 2.033E-17
  688.0 2.009E-17
  689.0 1.986E-17
  690.0 1.964E-17
  691.0 1.941E-17
  692.0 1.919E-17
  693.0 1.897E-17
  694.0 1.876E-17
  695.0 1.855E-17
  696.0 1.834E-17
  697.0 1.814E-17
  698.0 1.793E-17
  699.0 1.773E-17
  700.0 1.754E-17
  701.0 1.734E-17
  702.0 1.715E-17
  703.0 1.697E-17
  704.0 1.678E-17
  705.0 1.660E-17
  706.0 1.642E-17
  707.0 1.624E-17
  708.0 1.607E-17
  709.0 1.589E-17
  710.0 1.572E-17
  711.0 1.556E-17
  712.0 1.539E-17
  713.0 1.523E-17
  714.0 1.507E-17
  715.0 1.491E-17
  716.0 1.475E-17
  717.0 1.460E-17
  718.0 1.445E-17
  719.0 1.430E-17
  720.0 1.415E-17
  721.0 1.400E-17
  722.0 1.386E-17
  723.0 1.372E-17
  724.0 1.358E-17
  725.0 1.344E-17
  726.0 1.330E-17
  727.0 1.317E-17
  728.0 1.304E-17
  729.0 1.291E-17
  730.0 1.278E-17
  731.0 1.265E-17
  732.0 1.253E-17
  733.0 1.240E-17
  734.0 1.228E-17
  735.0 1.216E-17
  736.0 1.204E-17
  737.0 1.193E-17
  738.0 1.181E-17
  739.0 1.170E-17
  740.0 1.159E-17
  741.0 1.148E-17
  742.0 1.137E-17
  743.0 1.126E-17
  744.0 1.115E-17
  745.0 1.105E-17
  746.0 1.094E-17
  747.0 1.084E-17
  748.0 1.074E-17
  749.0 1.064E-17
  750.0 1.054E-17
  751.0 1.045E-17
  752.0 1.035E-17
  753.0 1.026E-17
  754.0 1.016E-17
  755.0 1.007E-17
  756.0 9.981E-18
  757.0 9.892E-18
  758.0 9.803E-18
  759.0 9.716E-18
  760.0 9.630E-18
  761.0 9.545E-18
  762.0 9.461E-18
  763.0 9.379E-18
  764.0 9.297E-18
  765.0 9.216E-18
  766.0 9.137E-18
  767.0 9.058E-18
  768.0 8.980E-18
  769.0 8.904E-18
  770.0 8.828E-18
  771.0 8.753E-18
  772.0 8.679E-18
  773.0 8.607E-18
  774.0 8.535E-18
  775.0 8.464E-18
  776.0 8.393E-18
  777.0 8.324E-18
  778.0 8.256E-18
  779.0 8.188E-18
  780.0 8.121E-18
  781.0 8.055E-18
  782.0 7.990E-18
  783.0 7.926E-18
  784.0 7.862E-18
  785.0 7.799E-18
  786.0 7.737E-18
  787.0 7.676E-18
  788.0 7.616E-18
  789.0 7.556E-18
  790.0 7.497E-18
  791.0 7.438E-18
  792.0 7.381E-18
  793.0 7.324E-18
  794.0 7.267E-18
  795.0 7.212E-18
  796.0 7.157E-18
  797.0 7.102E-18
  798.0 7.049E-18
  799.0 6.996E-18
  800.0 6.943E-18
  801.0 6.891E-18
  802.0 6.840E-18
  803.0 6.789E-18
  804.0 6.739E-18
  805.0 6.690E-18
  806.0 6.641E-18
  807.0 6.593E-18
  808.0 6.545E-18
  809.0 6.497E-18
  810.0 6.451E-18
  811.0 6.405E-18
  812.0 6.359E-18
  813.0 6.314E-18
  814.0 6.269E-18
  815.0 6.225E-18
  816.0 6.181E-18
  817.0 6.138E-18
  818.0 6.096E-18
  819.0 6.053E-18
  820.0 6.012E-18
  821.0 5.970E-18
  822.0 5.929E-18
  823.0 5.889E-18
  824.0 5.849E-18
  825.0 5.810E-18
  826.0 5.771E-18
  827.0 5.732E-18
  828.0 5.694E-18
  829.0 5.656E-18
  830.0 5.618E-18
  831.0 5.581E-18
  832.0 5.545E-18
  833.0 5.508E-18
  834.0 5.473E-18
  835.0 5.437E-18
  836.0 5.402E-18
  837.0 5.367E-18
  838.0 5.333E-18
  839.0 5.299E-18
  840.0 5.265E-18
  841.0 5.232E-18
  842.0 5.199E-18
  843.0 5.166E-18
  844.0 5.134E-18
  845.0 5.102E-18
  846.0 5.070E-18
  847.0 5.039E-18
  848.0 5.008E-18
  849.0 4.977E-18
  850.0 4.947E-18
  851.0 4.917E-18
  852.0 4.887E-18
  853.0 4.858E-18
  854.0 4.828E-18
  855.0 4.799E-18
  856.0 4.771E-18
  857.0 4.742E-18
  858.0 4.714E-18
  859.0 4.687E-18
  860.0 4.659E-18
  861.0 4.632E-18
  862.0 4.605E-18
  863.0 4.578E-18
  864.0 4.551E-18
  865.0 4.525E-18
  866.0 4.499E-18
  867.0 4.474E-18
  868.0 4.448E-18
  869.0 4.423E-18
  870.0 4.398E-18
  871.0 4.373E-18
  872.0 4.348E-18
  873.0 4.324E-18
  874.0 4.300E-18
  875.0 4.276E-18
  876.0 4.252E-18
  877.0 4.229E-18
  878.0 4.206E-18
  879.0 4.183E-18
  880.0 4.160E-18
  881.0 4.137E-18
  882.0 4.115E-18
  883.0 4.093E-18
  884.0 4.070E-18
  885.0 4.049E-18
  886.0 4.027E-18
  887.0 4.006E-18
  888.0 3.984E-18
  889.0 3.963E-18
  890.0 3.942E-18
  891.0 3.922E-18
  892.0 3.901E-18
  893.0 3.881E-18
  894.0 3.861E-18
  895.0 3.841E-18
  896.0 3.821E-18
  897.0 3.801E-18
  898.0 3.782E-18
  899.0 3.762E-18
  900.0 3.743E-18
  901.0 3.724E-18
  902.0 3.705E-18
  903.0 3.686E-18
  904.0 3.668E-18
  905.0 3.649E-18
  906.0 3.631E-18
  907.0 3.613E-18
  908.0 3.595E-18
  909.0 3.577E-18
  910.0 3.560E-18
  911.0 3.542E-18
  912.0 3.525E-18
  913.0 3.508E-18
  914.0 3.490E-18
  915.0 3.473E-18
  916.0 3.457E-18
  917.0 3.440E-18
  918.0 3.423E-18
  919.0 3.407E-18
  920.0 3.390E-18
  921.0 3.374E-18
  922.0 3.358E-18
  923.0 3.342E-18
  924.0 3.326E-18
  925.0 3.311E-18
  926.0 3.295E-18
  927.0 3.280E-18
  928.0 3.264E-18
  929.0 3.249E-18
  930.0 3.234E-18
  931.0 3.219E-18
  932.0 3.204E-18
  933.0 3.189E-18
  934.0 3.175E-18
  935.0 3.160E-18
  936.0 3.145E-18
  937.0 3.131E-18
  938.0 3.117E-18
  939.0 3.103E-18
  940.0 3.089E-18
  941.0 3.075E-18
  942.0 3.061E-18
  943.0 3.047E-18
  944.0 3.033E-18
  945.0 3.020E-18
  946.0 3.006E-18
  947.0 2.993E-18
  948.0 2.980E-18
  949.0 2.966E-18
  950.0 2.953E-18
  951.0 2.940E-18
  952.0 2.927E-18
  953.0 2.915E-18
  954.0 2.902E-18
  955.0 2.889E-18
  956.0 2.877E-18
  957.0 2.864E-18
  958.0 2.852E-18
  959.0 2.839E-18
  960.0 2.827E-18
  961.0 2.815E-18
  962.0 2.803E-18
  963.0 2.791E-18
  964.0 2.779E-18
  965.0 2.767E-18
  966.0 2.755E-18
  967.0 2.744E-18
  968.0 2.732E-18
  969.0 2.720E-18
  970.0 2.709E-18
  971.0 2.698E-18
  972.0 2.686E-18
  973.0 2.675E-18
  974.0 2.664E-18
  975.0 2.653E-18
  976.0 2.642E-18
  977.0 2.631E-18
  978.0 2.620E-18
  979.0 2.609E-18
  980.0 2.598E-18
  981.0 2.587E-18
  982.0 2.577E-18
  983.0 2.566E-18
  984.0 2.556E-18
  985.0 2.545E-18
  986.0 2.535E-18
  987.0 2.525E-18
  988.0 2.514E-18
  989.0 2.504E-18
  990.0 2.494E-18
  991.0 2.484E-18
  992.0 2.474E-18
  993.0 2.464E-18
  994.0 2.454E-18
  995.0 2.444E-18
  996.0 2.434E-18
  997.0 2.425E-18
  998.0 2.415E-18
  999.0 2.405E-18
 1000.0 2.396E-18
