ModelWeb Browser Results

nrlmsise model listing
Required input parameters
Year= 2016, Month= 10, Day= 13, Hour=10.50,
Time_type = Universal
Coordinate_type = Geographic
Latitude=   65.00, Longitude=  212.00, Height=   100.00
Prof. parameters: Start=    40.00 Stop=  1000.00 Step=     1.00

Optional input parameters:

Sunspot number(Rz12) =not specified
Ionospheric index(IG12) =not specified
Upper limit for Electron content = not specified
F peak model =  
Ne Topside =  
foF2 Storm model =  
Bottomside Thickness =  
F1 occurrence probability =  
D-Region Ne =  
Topside Te =  
Ion Composition =  

Selected output parameters:
1  Height, km
2  Mass_density, g/cm-3

1         2         
   40.0 3.768E-06
   41.0 3.223E-06
   42.0 2.763E-06
   43.0 2.375E-06
   44.0 2.048E-06
   45.0 1.771E-06
   46.0 1.538E-06
   47.0 1.339E-06
   48.0 1.168E-06
   49.0 1.022E-06
   50.0 8.953E-07
   51.0 7.853E-07
   52.0 6.895E-07
   53.0 6.057E-07
   54.0 5.322E-07
   55.0 4.675E-07
   56.0 4.106E-07
   57.0 3.604E-07
   58.0 3.163E-07
   59.0 2.774E-07
   60.0 2.431E-07
   61.0 2.130E-07
   62.0 1.865E-07
   63.0 1.631E-07
   64.0 1.426E-07
   65.0 1.246E-07
   66.0 1.088E-07
   67.0 9.492E-08
   68.0 8.273E-08
   69.0 7.204E-08
   70.0 6.268E-08
   71.0 5.449E-08
   72.0 4.731E-08
   73.0 4.109E-08
   74.0 3.556E-08
   75.0 3.072E-08
   76.0 2.651E-08
   77.0 2.284E-08
   78.0 1.966E-08
   79.0 1.692E-08
   80.0 1.455E-08
   81.0 1.251E-08
   82.0 1.076E-08
   83.0 9.249E-09
   84.0 7.953E-09
   85.0 6.839E-09
   86.0 5.881E-09
   87.0 5.058E-09
   88.0 4.350E-09
   89.0 3.740E-09
   90.0 3.214E-09
   91.0 2.760E-09
   92.0 2.365E-09
   93.0 2.021E-09
   94.0 1.719E-09
   95.0 1.456E-09
   96.0 1.226E-09
   97.0 1.027E-09
   98.0 8.558E-10
   99.0 7.091E-10
  100.0 5.843E-10
  101.0 4.792E-10
  102.0 3.918E-10
  103.0 3.198E-10
  104.0 2.611E-10
  105.0 2.134E-10
  106.0 1.749E-10
  107.0 1.439E-10
  108.0 1.190E-10
  109.0 9.896E-11
  110.0 8.291E-11
  111.0 7.004E-11
  112.0 5.964E-11
  113.0 5.117E-11
  114.0 4.421E-11
  115.0 3.845E-11
  116.0 3.364E-11
  117.0 2.959E-11
  118.0 2.615E-11
  119.0 2.322E-11
  120.0 2.069E-11
  121.0 1.849E-11
  122.0 1.657E-11
  123.0 1.487E-11
  124.0 1.339E-11
  125.0 1.209E-11
  126.0 1.095E-11
  127.0 9.963E-12
  128.0 9.090E-12
  129.0 8.318E-12
  130.0 7.634E-12
  131.0 7.023E-12
  132.0 6.477E-12
  133.0 5.988E-12
  134.0 5.547E-12
  135.0 5.148E-12
  136.0 4.788E-12
  137.0 4.461E-12
  138.0 4.163E-12
  139.0 3.891E-12
  140.0 3.642E-12
  141.0 3.414E-12
  142.0 3.205E-12
  143.0 3.012E-12
  144.0 2.835E-12
  145.0 2.671E-12
  146.0 2.519E-12
  147.0 2.378E-12
  148.0 2.248E-12
  149.0 2.127E-12
  150.0 2.014E-12
  151.0 1.908E-12
  152.0 1.810E-12
  153.0 1.718E-12
  154.0 1.633E-12
  155.0 1.552E-12
  156.0 1.477E-12
  157.0 1.406E-12
  158.0 1.340E-12
  159.0 1.277E-12
  160.0 1.218E-12
  161.0 1.162E-12
  162.0 1.110E-12
  163.0 1.060E-12
  164.0 1.014E-12
  165.0 9.696E-13
  166.0 9.279E-13
  167.0 8.883E-13
  168.0 8.509E-13
  169.0 8.153E-13
  170.0 7.816E-13
  171.0 7.496E-13
  172.0 7.192E-13
  173.0 6.903E-13
  174.0 6.628E-13
  175.0 6.366E-13
  176.0 6.117E-13
  177.0 5.879E-13
  178.0 5.653E-13
  179.0 5.437E-13
  180.0 5.230E-13
  181.0 5.034E-13
  182.0 4.846E-13
  183.0 4.666E-13
  184.0 4.494E-13
  185.0 4.330E-13
  186.0 4.173E-13
  187.0 4.023E-13
  188.0 3.879E-13
  189.0 3.741E-13
  190.0 3.609E-13
  191.0 3.482E-13
  192.0 3.360E-13
  193.0 3.244E-13
  194.0 3.132E-13
  195.0 3.025E-13
  196.0 2.922E-13
  197.0 2.823E-13
  198.0 2.728E-13
  199.0 2.637E-13
  200.0 2.549E-13
  201.0 2.464E-13
  202.0 2.383E-13
  203.0 2.305E-13
  204.0 2.230E-13
  205.0 2.158E-13
  206.0 2.088E-13
  207.0 2.021E-13
  208.0 1.956E-13
  209.0 1.894E-13
  210.0 1.834E-13
  211.0 1.776E-13
  212.0 1.721E-13
  213.0 1.667E-13
  214.0 1.615E-13
  215.0 1.565E-13
  216.0 1.517E-13
  217.0 1.471E-13
  218.0 1.426E-13
  219.0 1.382E-13
  220.0 1.340E-13
  221.0 1.300E-13
  222.0 1.261E-13
  223.0 1.223E-13
  224.0 1.187E-13
  225.0 1.152E-13
  226.0 1.118E-13
  227.0 1.085E-13
  228.0 1.053E-13
  229.0 1.022E-13
  230.0 9.925E-14
  231.0 9.637E-14
  232.0 9.359E-14
  233.0 9.090E-14
  234.0 8.829E-14
  235.0 8.577E-14
  236.0 8.333E-14
  237.0 8.097E-14
  238.0 7.868E-14
  239.0 7.646E-14
  240.0 7.432E-14
  241.0 7.224E-14
  242.0 7.023E-14
  243.0 6.828E-14
  244.0 6.639E-14
  245.0 6.456E-14
  246.0 6.279E-14
  247.0 6.107E-14
  248.0 5.940E-14
  249.0 5.778E-14
  250.0 5.622E-14
  251.0 5.470E-14
  252.0 5.322E-14
  253.0 5.179E-14
  254.0 5.041E-14
  255.0 4.906E-14
  256.0 4.776E-14
  257.0 4.649E-14
  258.0 4.526E-14
  259.0 4.407E-14
  260.0 4.291E-14
  261.0 4.179E-14
  262.0 4.070E-14
  263.0 3.964E-14
  264.0 3.861E-14
  265.0 3.761E-14
  266.0 3.664E-14
  267.0 3.570E-14
  268.0 3.478E-14
  269.0 3.389E-14
  270.0 3.303E-14
  271.0 3.219E-14
  272.0 3.137E-14
  273.0 3.058E-14
  274.0 2.981E-14
  275.0 2.906E-14
  276.0 2.833E-14
  277.0 2.763E-14
  278.0 2.694E-14
  279.0 2.627E-14
  280.0 2.562E-14
  281.0 2.499E-14
  282.0 2.437E-14
  283.0 2.377E-14
  284.0 2.319E-14
  285.0 2.262E-14
  286.0 2.207E-14
  287.0 2.154E-14
  288.0 2.102E-14
  289.0 2.051E-14
  290.0 2.002E-14
  291.0 1.953E-14
  292.0 1.907E-14
  293.0 1.861E-14
  294.0 1.817E-14
  295.0 1.774E-14
  296.0 1.732E-14
  297.0 1.691E-14
  298.0 1.651E-14
  299.0 1.612E-14
  300.0 1.574E-14
  301.0 1.537E-14
  302.0 1.501E-14
  303.0 1.467E-14
  304.0 1.433E-14
  305.0 1.399E-14
  306.0 1.367E-14
  307.0 1.336E-14
  308.0 1.305E-14
  309.0 1.275E-14
  310.0 1.246E-14
  311.0 1.218E-14
  312.0 1.190E-14
  313.0 1.163E-14
  314.0 1.137E-14
  315.0 1.111E-14
  316.0 1.086E-14
  317.0 1.062E-14
  318.0 1.038E-14
  319.0 1.015E-14
  320.0 9.920E-15
  321.0 9.699E-15
  322.0 9.484E-15
  323.0 9.274E-15
  324.0 9.070E-15
  325.0 8.870E-15
  326.0 8.675E-15
  327.0 8.485E-15
  328.0 8.299E-15
  329.0 8.118E-15
  330.0 7.942E-15
  331.0 7.769E-15
  332.0 7.601E-15
  333.0 7.437E-15
  334.0 7.276E-15
  335.0 7.120E-15
  336.0 6.967E-15
  337.0 6.818E-15
  338.0 6.672E-15
  339.0 6.530E-15
  340.0 6.391E-15
  341.0 6.256E-15
  342.0 6.123E-15
  343.0 5.994E-15
  344.0 5.867E-15
  345.0 5.744E-15
  346.0 5.623E-15
  347.0 5.506E-15
  348.0 5.391E-15
  349.0 5.278E-15
  350.0 5.168E-15
  351.0 5.061E-15
  352.0 4.956E-15
  353.0 4.854E-15
  354.0 4.753E-15
  355.0 4.656E-15
  356.0 4.560E-15
  357.0 4.466E-15
  358.0 4.375E-15
  359.0 4.286E-15
  360.0 4.198E-15
  361.0 4.113E-15
  362.0 4.029E-15
  363.0 3.948E-15
  364.0 3.868E-15
  365.0 3.790E-15
  366.0 3.714E-15
  367.0 3.639E-15
  368.0 3.566E-15
  369.0 3.495E-15
  370.0 3.425E-15
  371.0 3.356E-15
  372.0 3.290E-15
  373.0 3.224E-15
  374.0 3.160E-15
  375.0 3.098E-15
  376.0 3.037E-15
  377.0 2.977E-15
  378.0 2.918E-15
  379.0 2.861E-15
  380.0 2.805E-15
  381.0 2.750E-15
  382.0 2.696E-15
  383.0 2.643E-15
  384.0 2.592E-15
  385.0 2.542E-15
  386.0 2.492E-15
  387.0 2.444E-15
  388.0 2.397E-15
  389.0 2.351E-15
  390.0 2.305E-15
  391.0 2.261E-15
  392.0 2.218E-15
  393.0 2.175E-15
  394.0 2.133E-15
  395.0 2.093E-15
  396.0 2.053E-15
  397.0 2.014E-15
  398.0 1.975E-15
  399.0 1.938E-15
  400.0 1.901E-15
  401.0 1.865E-15
  402.0 1.830E-15
  403.0 1.796E-15
  404.0 1.762E-15
  405.0 1.729E-15
  406.0 1.696E-15
  407.0 1.664E-15
  408.0 1.633E-15
  409.0 1.603E-15
  410.0 1.573E-15
  411.0 1.544E-15
  412.0 1.515E-15
  413.0 1.487E-15
  414.0 1.459E-15
  415.0 1.432E-15
  416.0 1.406E-15
  417.0 1.380E-15
  418.0 1.354E-15
  419.0 1.330E-15
  420.0 1.305E-15
  421.0 1.281E-15
  422.0 1.258E-15
  423.0 1.235E-15
  424.0 1.212E-15
  425.0 1.190E-15
  426.0 1.168E-15
  427.0 1.147E-15
  428.0 1.126E-15
  429.0 1.106E-15
  430.0 1.086E-15
  431.0 1.066E-15
  432.0 1.047E-15
  433.0 1.028E-15
  434.0 1.010E-15
  435.0 9.915E-16
  436.0 9.737E-16
  437.0 9.563E-16
  438.0 9.391E-16
  439.0 9.223E-16
  440.0 9.059E-16
  441.0 8.897E-16
  442.0 8.739E-16
  443.0 8.583E-16
  444.0 8.431E-16
  445.0 8.281E-16
  446.0 8.135E-16
  447.0 7.991E-16
  448.0 7.850E-16
  449.0 7.711E-16
  450.0 7.575E-16
  451.0 7.442E-16
  452.0 7.311E-16
  453.0 7.183E-16
  454.0 7.057E-16
  455.0 6.933E-16
  456.0 6.812E-16
  457.0 6.693E-16
  458.0 6.576E-16
  459.0 6.462E-16
  460.0 6.349E-16
  461.0 6.239E-16
  462.0 6.131E-16
  463.0 6.024E-16
  464.0 5.920E-16
  465.0 5.818E-16
  466.0 5.717E-16
  467.0 5.619E-16
  468.0 5.522E-16
  469.0 5.427E-16
  470.0 5.334E-16
  471.0 5.242E-16
  472.0 5.152E-16
  473.0 5.064E-16
  474.0 4.977E-16
  475.0 4.892E-16
  476.0 4.809E-16
  477.0 4.727E-16
  478.0 4.647E-16
  479.0 4.568E-16
  480.0 4.490E-16
  481.0 4.414E-16
  482.0 4.339E-16
  483.0 4.266E-16
  484.0 4.194E-16
  485.0 4.123E-16
  486.0 4.053E-16
  487.0 3.985E-16
  488.0 3.918E-16
  489.0 3.852E-16
  490.0 3.788E-16
  491.0 3.724E-16
  492.0 3.662E-16
  493.0 3.601E-16
  494.0 3.540E-16
  495.0 3.481E-16
  496.0 3.423E-16
  497.0 3.367E-16
  498.0 3.311E-16
  499.0 3.256E-16
  500.0 3.202E-16
  501.0 3.149E-16
  502.0 3.097E-16
  503.0 3.045E-16
  504.0 2.995E-16
  505.0 2.946E-16
  506.0 2.897E-16
  507.0 2.850E-16
  508.0 2.803E-16
  509.0 2.757E-16
  510.0 2.712E-16
  511.0 2.667E-16
  512.0 2.624E-16
  513.0 2.581E-16
  514.0 2.539E-16
  515.0 2.498E-16
  516.0 2.457E-16
  517.0 2.417E-16
  518.0 2.378E-16
  519.0 2.339E-16
  520.0 2.301E-16
  521.0 2.264E-16
  522.0 2.228E-16
  523.0 2.192E-16
  524.0 2.156E-16
  525.0 2.122E-16
  526.0 2.088E-16
  527.0 2.054E-16
  528.0 2.021E-16
  529.0 1.989E-16
  530.0 1.957E-16
  531.0 1.926E-16
  532.0 1.895E-16
  533.0 1.865E-16
  534.0 1.835E-16
  535.0 1.806E-16
  536.0 1.778E-16
  537.0 1.749E-16
  538.0 1.722E-16
  539.0 1.695E-16
  540.0 1.668E-16
  541.0 1.642E-16
  542.0 1.616E-16
  543.0 1.590E-16
  544.0 1.565E-16
  545.0 1.541E-16
  546.0 1.517E-16
  547.0 1.493E-16
  548.0 1.470E-16
  549.0 1.447E-16
  550.0 1.424E-16
  551.0 1.402E-16
  552.0 1.380E-16
  553.0 1.359E-16
  554.0 1.338E-16
  555.0 1.317E-16
  556.0 1.297E-16
  557.0 1.277E-16
  558.0 1.257E-16
  559.0 1.238E-16
  560.0 1.219E-16
  561.0 1.200E-16
  562.0 1.182E-16
  563.0 1.164E-16
  564.0 1.146E-16
  565.0 1.128E-16
  566.0 1.111E-16
  567.0 1.094E-16
  568.0 1.078E-16
  569.0 1.061E-16
  570.0 1.045E-16
  571.0 1.030E-16
  572.0 1.014E-16
  573.0 9.988E-17
  574.0 9.838E-17
  575.0 9.690E-17
  576.0 9.545E-17
  577.0 9.402E-17
  578.0 9.261E-17
  579.0 9.123E-17
  580.0 8.987E-17
  581.0 8.854E-17
  582.0 8.722E-17
  583.0 8.593E-17
  584.0 8.466E-17
  585.0 8.340E-17
  586.0 8.217E-17
  587.0 8.096E-17
  588.0 7.977E-17
  589.0 7.860E-17
  590.0 7.745E-17
  591.0 7.632E-17
  592.0 7.520E-17
  593.0 7.411E-17
  594.0 7.303E-17
  595.0 7.197E-17
  596.0 7.092E-17
  597.0 6.990E-17
  598.0 6.889E-17
  599.0 6.789E-17
  600.0 6.691E-17
  601.0 6.595E-17
  602.0 6.501E-17
  603.0 6.408E-17
  604.0 6.316E-17
  605.0 6.226E-17
  606.0 6.137E-17
  607.0 6.050E-17
  608.0 5.964E-17
  609.0 5.880E-17
  610.0 5.797E-17
  611.0 5.715E-17
  612.0 5.634E-17
  613.0 5.555E-17
  614.0 5.477E-17
  615.0 5.401E-17
  616.0 5.325E-17
  617.0 5.251E-17
  618.0 5.178E-17
  619.0 5.106E-17
  620.0 5.035E-17
  621.0 4.966E-17
  622.0 4.897E-17
  623.0 4.830E-17
  624.0 4.763E-17
  625.0 4.698E-17
  626.0 4.634E-17
  627.0 4.571E-17
  628.0 4.508E-17
  629.0 4.447E-17
  630.0 4.387E-17
  631.0 4.327E-17
  632.0 4.269E-17
  633.0 4.212E-17
  634.0 4.155E-17
  635.0 4.099E-17
  636.0 4.044E-17
  637.0 3.990E-17
  638.0 3.937E-17
  639.0 3.885E-17
  640.0 3.833E-17
  641.0 3.783E-17
  642.0 3.733E-17
  643.0 3.684E-17
  644.0 3.635E-17
  645.0 3.588E-17
  646.0 3.541E-17
  647.0 3.495E-17
  648.0 3.449E-17
  649.0 3.405E-17
  650.0 3.361E-17
  651.0 3.317E-17
  652.0 3.274E-17
  653.0 3.232E-17
  654.0 3.191E-17
  655.0 3.150E-17
  656.0 3.110E-17
  657.0 3.071E-17
  658.0 3.032E-17
  659.0 2.993E-17
  660.0 2.956E-17
  661.0 2.919E-17
  662.0 2.882E-17
  663.0 2.846E-17
  664.0 2.810E-17
  665.0 2.776E-17
  666.0 2.741E-17
  667.0 2.707E-17
  668.0 2.674E-17
  669.0 2.641E-17
  670.0 2.609E-17
  671.0 2.577E-17
  672.0 2.545E-17
  673.0 2.514E-17
  674.0 2.484E-17
  675.0 2.454E-17
  676.0 2.424E-17
  677.0 2.395E-17
  678.0 2.366E-17
  679.0 2.338E-17
  680.0 2.310E-17
  681.0 2.283E-17
  682.0 2.256E-17
  683.0 2.229E-17
  684.0 2.203E-17
  685.0 2.177E-17
  686.0 2.152E-17
  687.0 2.127E-17
  688.0 2.102E-17
  689.0 2.078E-17
  690.0 2.054E-17
  691.0 2.030E-17
  692.0 2.007E-17
  693.0 1.984E-17
  694.0 1.961E-17
  695.0 1.939E-17
  696.0 1.917E-17
  697.0 1.895E-17
  698.0 1.874E-17
  699.0 1.853E-17
  700.0 1.832E-17
  701.0 1.812E-17
  702.0 1.792E-17
  703.0 1.772E-17
  704.0 1.752E-17
  705.0 1.733E-17
  706.0 1.714E-17
  707.0 1.695E-17
  708.0 1.677E-17
  709.0 1.659E-17
  710.0 1.641E-17
  711.0 1.623E-17
  712.0 1.606E-17
  713.0 1.589E-17
  714.0 1.572E-17
  715.0 1.555E-17
  716.0 1.539E-17
  717.0 1.522E-17
  718.0 1.506E-17
  719.0 1.491E-17
  720.0 1.475E-17
  721.0 1.460E-17
  722.0 1.445E-17
  723.0 1.430E-17
  724.0 1.415E-17
  725.0 1.401E-17
  726.0 1.386E-17
  727.0 1.372E-17
  728.0 1.358E-17
  729.0 1.345E-17
  730.0 1.331E-17
  731.0 1.318E-17
  732.0 1.305E-17
  733.0 1.292E-17
  734.0 1.279E-17
  735.0 1.267E-17
  736.0 1.254E-17
  737.0 1.242E-17
  738.0 1.230E-17
  739.0 1.218E-17
  740.0 1.206E-17
  741.0 1.194E-17
  742.0 1.183E-17
  743.0 1.172E-17
  744.0 1.161E-17
  745.0 1.150E-17
  746.0 1.139E-17
  747.0 1.128E-17
  748.0 1.117E-17
  749.0 1.107E-17
  750.0 1.097E-17
  751.0 1.087E-17
  752.0 1.077E-17
  753.0 1.067E-17
  754.0 1.057E-17
  755.0 1.047E-17
  756.0 1.038E-17
  757.0 1.029E-17
  758.0 1.019E-17
  759.0 1.010E-17
  760.0 1.001E-17
  761.0 9.922E-18
  762.0 9.835E-18
  763.0 9.748E-18
  764.0 9.663E-18
  765.0 9.578E-18
  766.0 9.495E-18
  767.0 9.413E-18
  768.0 9.331E-18
  769.0 9.251E-18
  770.0 9.172E-18
  771.0 9.094E-18
  772.0 9.017E-18
  773.0 8.941E-18
  774.0 8.865E-18
  775.0 8.791E-18
  776.0 8.718E-18
  777.0 8.645E-18
  778.0 8.574E-18
  779.0 8.503E-18
  780.0 8.433E-18
  781.0 8.365E-18
  782.0 8.297E-18
  783.0 8.229E-18
  784.0 8.163E-18
  785.0 8.097E-18
  786.0 8.033E-18
  787.0 7.969E-18
  788.0 7.905E-18
  789.0 7.843E-18
  790.0 7.781E-18
  791.0 7.720E-18
  792.0 7.660E-18
  793.0 7.601E-18
  794.0 7.542E-18
  795.0 7.484E-18
  796.0 7.427E-18
  797.0 7.370E-18
  798.0 7.314E-18
  799.0 7.259E-18
  800.0 7.204E-18
  801.0 7.150E-18
  802.0 7.096E-18
  803.0 7.044E-18
  804.0 6.991E-18
  805.0 6.940E-18
  806.0 6.889E-18
  807.0 6.838E-18
  808.0 6.789E-18
  809.0 6.739E-18
  810.0 6.691E-18
  811.0 6.642E-18
  812.0 6.595E-18
  813.0 6.548E-18
  814.0 6.501E-18
  815.0 6.455E-18
  816.0 6.410E-18
  817.0 6.365E-18
  818.0 6.320E-18
  819.0 6.276E-18
  820.0 6.233E-18
  821.0 6.190E-18
  822.0 6.147E-18
  823.0 6.105E-18
  824.0 6.064E-18
  825.0 6.023E-18
  826.0 5.982E-18
  827.0 5.942E-18
  828.0 5.902E-18
  829.0 5.863E-18
  830.0 5.824E-18
  831.0 5.785E-18
  832.0 5.747E-18
  833.0 5.709E-18
  834.0 5.672E-18
  835.0 5.635E-18
  836.0 5.598E-18
  837.0 5.562E-18
  838.0 5.526E-18
  839.0 5.491E-18
  840.0 5.456E-18
  841.0 5.421E-18
  842.0 5.387E-18
  843.0 5.353E-18
  844.0 5.319E-18
  845.0 5.286E-18
  846.0 5.253E-18
  847.0 5.221E-18
  848.0 5.188E-18
  849.0 5.156E-18
  850.0 5.125E-18
  851.0 5.093E-18
  852.0 5.062E-18
  853.0 5.032E-18
  854.0 5.001E-18
  855.0 4.971E-18
  856.0 4.942E-18
  857.0 4.912E-18
  858.0 4.883E-18
  859.0 4.854E-18
  860.0 4.825E-18
  861.0 4.797E-18
  862.0 4.769E-18
  863.0 4.741E-18
  864.0 4.713E-18
  865.0 4.686E-18
  866.0 4.659E-18
  867.0 4.632E-18
  868.0 4.606E-18
  869.0 4.580E-18
  870.0 4.554E-18
  871.0 4.528E-18
  872.0 4.502E-18
  873.0 4.477E-18
  874.0 4.452E-18
  875.0 4.427E-18
  876.0 4.402E-18
  877.0 4.378E-18
  878.0 4.354E-18
  879.0 4.330E-18
  880.0 4.306E-18
  881.0 4.283E-18
  882.0 4.259E-18
  883.0 4.236E-18
  884.0 4.213E-18
  885.0 4.191E-18
  886.0 4.168E-18
  887.0 4.146E-18
  888.0 4.124E-18
  889.0 4.102E-18
  890.0 4.080E-18
  891.0 4.058E-18
  892.0 4.037E-18
  893.0 4.016E-18
  894.0 3.995E-18
  895.0 3.974E-18
  896.0 3.954E-18
  897.0 3.933E-18
  898.0 3.913E-18
  899.0 3.893E-18
  900.0 3.873E-18
  901.0 3.853E-18
  902.0 3.833E-18
  903.0 3.814E-18
  904.0 3.795E-18
  905.0 3.775E-18
  906.0 3.756E-18
  907.0 3.738E-18
  908.0 3.719E-18
  909.0 3.700E-18
  910.0 3.682E-18
  911.0 3.664E-18
  912.0 3.646E-18
  913.0 3.628E-18
  914.0 3.610E-18
  915.0 3.592E-18
  916.0 3.575E-18
  917.0 3.557E-18
  918.0 3.540E-18
  919.0 3.523E-18
  920.0 3.506E-18
  921.0 3.489E-18
  922.0 3.473E-18
  923.0 3.456E-18
  924.0 3.440E-18
  925.0 3.423E-18
  926.0 3.407E-18
  927.0 3.391E-18
  928.0 3.375E-18
  929.0 3.359E-18
  930.0 3.343E-18
  931.0 3.328E-18
  932.0 3.312E-18
  933.0 3.297E-18
  934.0 3.281E-18
  935.0 3.266E-18
  936.0 3.251E-18
  937.0 3.236E-18
  938.0 3.221E-18
  939.0 3.207E-18
  940.0 3.192E-18
  941.0 3.178E-18
  942.0 3.163E-18
  943.0 3.149E-18
  944.0 3.135E-18
  945.0 3.120E-18
  946.0 3.106E-18
  947.0 3.093E-18
  948.0 3.079E-18
  949.0 3.065E-18
  950.0 3.051E-18
  951.0 3.038E-18
  952.0 3.024E-18
  953.0 3.011E-18
  954.0 2.998E-18
  955.0 2.985E-18
  956.0 2.971E-18
  957.0 2.958E-18
  958.0 2.946E-18
  959.0 2.933E-18
  960.0 2.920E-18
  961.0 2.907E-18
  962.0 2.895E-18
  963.0 2.882E-18
  964.0 2.870E-18
  965.0 2.857E-18
  966.0 2.845E-18
  967.0 2.833E-18
  968.0 2.821E-18
  969.0 2.809E-18
  970.0 2.797E-18
  971.0 2.785E-18
  972.0 2.773E-18
  973.0 2.762E-18
  974.0 2.750E-18
  975.0 2.738E-18
  976.0 2.727E-18
  977.0 2.716E-18
  978.0 2.704E-18
  979.0 2.693E-18
  980.0 2.682E-18
  981.0 2.671E-18
  982.0 2.659E-18
  983.0 2.648E-18
  984.0 2.638E-18
  985.0 2.627E-18
  986.0 2.616E-18
  987.0 2.605E-18
  988.0 2.594E-18
  989.0 2.584E-18
  990.0 2.573E-18
  991.0 2.563E-18
  992.0 2.552E-18
  993.0 2.542E-18
  994.0 2.532E-18
  995.0 2.521E-18
  996.0 2.511E-18
  997.0 2.501E-18
  998.0 2.491E-18
  999.0 2.481E-18
 1000.0 2.471E-18
